simple_rnn/simple_rnn_cell/kernel:0
(1, 80)
[[ 0.1330152  -0.1345417   0.13409139 -0.19514318  0.13221596  0.17191194
  -0.02194986  0.22327001  0.07244622 -0.15611927 -0.01189023  0.03610158
  -0.17505346 -0.14380711  0.14945182  0.129233   -0.08732872 -0.02555908
   0.09693054  0.13031554  0.14499226 -0.07236992  0.16676204 -0.00145427
   0.06220581 -0.07166565  0.17179333 -0.01057209 -0.10070763  0.03440959
   0.12361298  0.00806871 -0.0646529  -0.1693448  -0.09607632 -0.07365457
  -0.04490909  0.08261297 -0.01280831  0.02200991  0.16222532 -0.05911697
  -0.18674634  0.15837875  0.05241435 -0.12710392 -0.12438435  0.09914241
   0.01741302  0.03591312 -0.16395803  0.07932982 -0.10438173 -0.05898766
   0.18111959 -0.17463414 -0.19704758  0.180187    0.03508085 -0.0234198
  -0.12718883  0.09612231  0.17172159 -0.10482015  0.15728666  0.15981212
   0.03962362  0.03784536 -0.06146901 -0.07969686  0.08490646  0.18859684
   0.10805845 -0.05737944  0.12046854 -0.08127235 -0.16537568 -0.09867673
  -0.1415673  -0.16391857]]
simple_rnn/simple_rnn_cell/recurrent_kernel:0
(80, 80)
[[-0.24906452 -0.16424967 -0.05350178 ... -0.13115963 -0.05859072
   0.07575528]
 [ 0.01647911  0.08786324 -0.14228557 ... -0.19558185  0.05584891
   0.14332783]
 [ 0.00304957  0.19683512 -0.17970152 ...  0.17220022  0.00207045
  -0.06053577]
 ...
 [-0.03679271  0.15881254 -0.01630171 ... -0.05735891 -0.00710158
  -0.1381917 ]
 [-0.00525218 -0.00805986  0.19760317 ... -0.09079926  0.00925167
  -0.15377246]
 [ 0.10001025 -0.17170869  0.10621754 ... -0.05930002  0.07848673
  -0.08781361]]
simple_rnn/simple_rnn_cell/bias:0
(80,)
[-0.02342405  0.01786548 -0.0203632   0.0298306  -0.02023403 -0.02405484
  0.00189704 -0.01727643 -0.00876025  0.0228967  -0.00154333 -0.00649381
  0.02811965  0.02484    -0.02280159 -0.02471111  0.01268564  0.00444033
 -0.01194397 -0.02142047 -0.02310875  0.01492498 -0.0140224   0.00223509
 -0.00968403  0.01225286 -0.02880925  0.00367322  0.01465069 -0.00509624
 -0.01785088 -0.00149623  0.00624823  0.02958183  0.01610964  0.00836262
  0.00062739 -0.01157459  0.00401914 -0.0046422  -0.01926768  0.00975513
  0.02363908 -0.0207805  -0.00575192  0.01915277  0.01871884 -0.01137465
 -0.00535397 -0.00556521  0.02187607 -0.01104202  0.01862529  0.00888475
 -0.02382546  0.02813532  0.02667597 -0.02429799 -0.00578815  0.00242321
  0.02112668 -0.01688937 -0.02864775  0.01821555 -0.02371567 -0.0237458
 -0.00547717 -0.01038929  0.01164227  0.00952084 -0.01547375 -0.02534809
 -0.01307102  0.00979105 -0.01898924  0.01226387  0.02169202  0.01191532
  0.01878161  0.02438953]
simple_rnn_1/simple_rnn_cell_1/kernel:0
(80, 100)
[[-0.10804887 -0.01074679 -0.02508049 ...  0.12666361  0.04507549
   0.11681515]
 [ 0.00599677  0.03398237  0.01130158 ... -0.01139199 -0.07603943
   0.06439046]
 [-0.12962215  0.06399115 -0.07703105 ...  0.11623048 -0.0858029
   0.10836324]
 ...
 [ 0.04338861 -0.0217716  -0.05860232 ...  0.05151258  0.1989395
  -0.14005715]
 [ 0.05192213 -0.10722231  0.02952253 ...  0.00605896  0.18137667
  -0.12578523]
 [ 0.10521071 -0.12699132 -0.12740521 ...  0.09992702  0.14836456
  -0.18584448]]
simple_rnn_1/simple_rnn_cell_1/recurrent_kernel:0
(100, 100)
[[-0.12519887 -0.09335995  0.09062885 ... -0.03979903 -0.18197267
  -0.08408782]
 [ 0.00131864 -0.0322011  -0.02772406 ...  0.13432984 -0.007272
  -0.10203289]
 [ 0.05640572  0.05432215 -0.00784584 ... -0.07363437 -0.05870213
  -0.02191328]
 ...
 [ 0.10354197 -0.0548627   0.02949597 ...  0.05431717 -0.01352056
  -0.01809175]
 [ 0.11513708  0.06008282  0.04310974 ...  0.09332784 -0.00895675
  -0.07174213]
 [-0.03996395 -0.13522449  0.10552906 ... -0.01194473 -0.12743127
  -0.02111414]]
simple_rnn_1/simple_rnn_cell_1/bias:0
(100,)
[-2.5128978e-03 -1.4226503e-03 -1.1311872e-03 -2.7381761e-03
  3.2093870e-03  4.6146750e-03 -2.5014915e-03  2.0787674e-03
  2.0562164e-03 -2.0555728e-03 -1.0713613e-04 -1.5334617e-03
  2.8759676e-03  1.9163927e-03  1.5136603e-03  3.9296038e-03
  3.7855748e-03 -2.9295203e-03 -9.0430938e-03  3.1038604e-04
 -1.3921289e-03 -3.5003438e-03  4.8756701e-04 -1.5357910e-03
 -5.1019457e-03 -1.2754234e-03  4.1091205e-03  1.0616392e-03
 -5.7695102e-04 -4.2334647e-04 -3.3017740e-04  1.0586745e-02
  1.8828417e-03 -1.2873012e-03 -1.9813338e-03  5.1075942e-04
  7.6698619e-03  1.3382540e-03  4.0026275e-03  2.0684453e-03
  4.4099530e-03 -3.1979526e-03  9.1055059e-04 -6.6505545e-03
 -5.9471298e-03  3.9138929e-03  1.9469353e-03 -4.1962750e-03
 -1.9803860e-03 -5.1373886e-03 -1.8758220e-03 -2.4266785e-03
 -9.4754845e-03  9.3241446e-03  1.4770023e-03 -8.2180798e-03
 -2.9986957e-03  2.6543878e-03 -1.9046371e-03  1.5845763e-03
  6.9427080e-03  7.0654636e-04 -4.2779627e-03 -6.5981597e-03
 -2.8448184e-03 -5.9101632e-04 -2.7698807e-03  6.4106158e-04
  2.8656535e-03 -1.9672311e-04 -1.0432201e-03 -8.8661339e-04
 -1.6785463e-03  7.4219629e-03 -2.6467026e-03  3.0541245e-03
  2.6137871e-03  6.3151726e-03  1.0407466e-03 -2.7562769e-03
  4.2257197e-03 -1.7483110e-03  7.4178372e-03 -7.3267944e-04
 -1.9904331e-03  4.2929691e-03 -7.3853894e-03  8.1986299e-04
 -6.3075643e-04 -3.9195790e-04 -7.0521105e-03  7.5137913e-03
  1.4075221e-03 -3.4348821e-05 -4.3240986e-03 -3.3073798e-03
  7.4604950e-03 -1.4327505e-03 -3.8286929e-03 -2.3308746e-03]
dense/kernel:0
(100, 1)
[[-0.13802159]
 [ 0.0764128 ]
 [-0.07658678]
 [-0.06149805]
 [-0.06464794]
 [-0.02516579]
 [-0.12657396]
 [-0.19155067]
 [-0.08483895]
 [-0.08996183]
 [-0.11805984]
 [ 0.06996516]
 [ 0.07606073]
 [-0.05178223]
 [ 0.04174842]
 [-0.0852307 ]
 [ 0.1174251 ]
 [-0.16215053]
 [-0.08763776]
 [-0.12730406]
 [ 0.11774378]
 [-0.12476588]
 [-0.10086086]
 [ 0.15125684]
 [ 0.04647853]
 [ 0.0938031 ]
 [ 0.16849878]
 [-0.13396704]
 [ 0.09606358]
 [ 0.14313754]
 [-0.15979522]
 [ 0.10769534]
 [-0.0513831 ]
 [ 0.13425906]
 [ 0.16515233]
 [ 0.07925427]
 [-0.10642882]
 [ 0.04667305]
 [ 0.09263006]
 [ 0.13148296]
 [ 0.10523606]
 [ 0.1803927 ]
 [-0.11513636]
 [-0.05797264]
 [-0.15236038]
 [-0.16567367]
 [ 0.06982972]
 [-0.04275965]
 [ 0.06459436]
 [-0.09957082]
 [ 0.14948842]
 [ 0.05814783]
 [-0.14373541]
 [ 0.04507877]
 [ 0.1550527 ]
 [-0.05426021]
 [-0.12304258]
 [-0.03652116]
 [-0.03438968]
 [ 0.11360543]
 [ 0.04524259]
 [-0.02748797]
 [-0.06080446]
 [-0.08457749]
 [-0.11307891]
 [ 0.11969073]
 [-0.08178694]
 [-0.11262069]
 [ 0.04440462]
 [-0.11697003]
 [ 0.080854  ]
 [-0.16546272]
 [-0.1457675 ]
 [ 0.0636478 ]
 [ 0.03877069]
 [ 0.10446358]
 [-0.08909699]
 [ 0.15637343]
 [-0.04859509]
 [ 0.16395104]
 [ 0.0788795 ]
 [-0.07634269]
 [ 0.09115939]
 [ 0.02972236]
 [-0.07578173]
 [-0.16344759]
 [-0.15876375]
 [-0.0551519 ]
 [-0.07671253]
 [ 0.1446229 ]
 [ 0.03607042]
 [ 0.15692589]
 [ 0.16491842]
 [-0.18499784]
 [-0.18807858]
 [-0.0687077 ]
 [ 0.04311638]
 [-0.03849526]
 [-0.0705272 ]
 [ 0.13806058]]
dense/bias:0
(1,)
[0.15688504]
